0.689484 -0.014459 0.428751
0.476483 0.162624 0.449488
0.586770 0.102149 0.769481
1.068768 0.678668 1.023915
1.438060 0.683633 0.752397
1.483567 0.140479 1.389489
1.163844 0.125522 1.098527
1.491083 0.317640 0.760376
1.970356 0.389628 0.631279
1.961689 0.144644 0.254462
1.823355 0.309693 0.151225
1.868743 0.171245 -0.160235
1.437345 0.781093 -0.569670
1.248269 0.429151 -0.795403
1.108745 0.233132 -0.744953
1.670774 -0.080785 -0.820339
1.503391 -0.179939 -0.791839
1.406028 0.025858 -0.967830
1.971070 0.309369 -0.651420
1.853437 0.658340 -0.661080
1.361601 0.443953 -0.126488
1.139926 1.295734 0.114152
1.949556 1.032481 0.417303
2.323108 0.665570 0.615544
2.558936 0.227190 0.385185
2.650508 0.817791 0.186861
2.431305 1.189158 -0.085800
2.026224 1.167509 -0.120976
1.971259 0.499964 -0.035002
1.168452 0.683057 -0.309909
1.342775 0.672141 -0.208439
1.129037 0.183479 -0.485355
0.871781 0.069470 -0.734185
0.855148 0.587134 -0.574637
0.395625 0.606762 -1.004597
1.051331 0.804046 -1.250838
1.309558 0.672450 -1.174746
1.876837 0.506276 -1.376205
2.620561 0.556901 -1.528117
2.508878 0.445584 -1.501028
2.646833 0.160679 -1.605397
2.448341 -0.003327 -1.875326
1.610501 0.031129 -2.069439
1.925691 -0.412504 -2.138976
1.918400 -0.344678 -2.299420
1.910517 -0.246417 -2.245133
2.450736 -0.725501 -2.828320
2.381144 -1.214003 -2.812268
2.159600 -1.524586 -2.873087
2.379856 -1.845657 -2.758474
2.254824 -1.268736 -3.020816
2.320000 -1.171255 -3.604322
1.698536 -1.233225 -3.369023
1.527831 -1.374688 -3.394583
1.530377 -1.355630 -3.295790
1.672040 -1.146433 -3.038195
1.534793 -1.167195 -3.646896
1.886021 -0.864813 -3.523450
2.062097 -0.488551 -3.273344
2.128729 0.153843 -3.081451
2.057646 0.302593 -2.701675
2.155564 0.568636 -2.718267
2.698137 0.182249 -2.875416
3.066121 0.562960 -2.909034
3.925938 0.252966 -3.011479
4.240422 -0.220912 -2.795740
3.907132 -0.328587 -2.430246
3.750647 -0.193345 -2.166711
2.918651 -0.238123 -2.143549
2.980647 0.261956 -2.218529
2.992436 0.081961 -2.173249
2.710340 -0.490590 -1.838208
2.693541 -0.259896 -1.613949
2.361263 -0.187197 -1.208869
1.897547 -0.032457 -0.792615
2.345557 0.049672 -1.164745
2.007566 0.121710 -1.080368
1.599818 -0.105825 -1.086920
1.182395 -0.745416 -0.878417
1.469907 -0.795117 -0.562867
1.460792 -0.450440 -0.599801
1.113180 -0.514758 -0.508419
0.879555 -0.639992 -0.672436
1.351152 -0.329654 -0.829762
1.392628 -0.215191 -0.596751
1.926062 -0.375350 -0.554818
1.211311 -1.208597 -0.556275
0.913065 -1.064432 -0.494078
1.363192 -1.338370 -0.238343
2.032102 -1.405084 -0.335621
1.738637 -1.456743 0.028875
1.249448 -1.299677 0.102270
0.610179 -1.236958 0.315250
0.853197 -0.482796 0.164532
0.794531 -0.346327 -0.462431
0.635271 -0.689043 -0.492473
0.545627 -0.840409 -0.344744
0.137978 -1.164410 -0.537114
0.552325 -1.242295 -0.476395
0.417952 -1.794645 -0.288381
